size: 244 124 257 

spacing: 1.000000 1.000000 1.000000 

value_format: USHORT